BsEst,0.3,0.1,1.0000,0.3,0.3,1.0000,0.3,0.6,1.0000,0.4,0.1,1.0000,0.4,0.3,1.0000,0.4,0.6,1.0000,0.5,0.3,1.0000,0.5,0.6,1.0000,0.6,0.1,1.0000,0.6,0.3,1.0000,0.6,0.6,1.0000
Y311Q,0.3,0.1,0.0000,0.3,0.3,0.0000,0.3,0.6,0.0000,0.4,0.1,0.0000,0.4,0.3,0.0000,0.4,0.6,0.0000,0.5,0.3,0.0000,0.5,0.6,0.0000,0.6,0.1,0.0000,0.6,0.3,0.0000,0.6,0.6,0.0000
L312V,0.3,0.1,0.3378,0.3,0.3,0.7493,0.3,0.6,1.0425,0.4,0.1,0.9903,0.4,0.3,1.3266,0.4,0.6,1.0668,0.5,0.3,0.8367,0.5,0.6,0.9340,0.6,0.1,0.0000,0.6,0.3,0.0000,0.6,0.6,1.1500
A396I,0.3,0.1,0.0000,0.3,0.3,0.0000,0.3,0.6,0.0000,0.4,0.1,0.0000,0.4,0.3,0.0000,0.4,0.6,0.0000,0.5,0.3,0.0000,0.5,0.6,0.0000,0.6,0.1,0.0000,0.6,0.3,0.0000,0.6,0.6,0.0000
T358Q,0.3,0.1,0.0000,0.3,0.3,0.0000,0.3,0.6,0.0000,0.4,0.1,0.0000,0.4,0.3,0.0000,0.4,0.6,0.0000,0.5,0.3,0.0000,0.5,0.6,0.0000,0.6,0.1,0.0000,0.6,0.3,0.0000,0.6,0.6,0.0000
L109A,0.3,0.1,0.5932,0.3,0.3,0.7290,0.3,0.6,1.0098,0.4,0.1,1.0225,0.4,0.3,0.8283,0.4,0.6,0.8889,0.5,0.3,1.3642,0.5,0.6,1.4432,0.6,0.1,0.0000,0.6,0.3,1.4220,0.6,0.6,1.5158
L400I,0.3,0.1,0.4284,0.3,0.3,0.7389,0.3,0.6,0.9844,0.4,0.1,0.7343,0.4,0.3,0.8685,0.4,0.6,0.8898,0.5,0.3,0.8244,0.5,0.6,0.8167,0.6,0.1,0.0000,0.6,0.3,1.5596,0.6,0.6,1.7684
Q275Y,0.3,0.1,0.2662,0.3,0.3,0.5580,0.3,0.6,0.7445,0.4,0.1,0.3994,0.4,0.3,0.9062,0.4,0.6,0.9628,0.5,0.3,0.5845,0.5,0.6,0.5521,0.6,0.1,0.0000,0.6,0.3,0.0000,0.6,0.6,1.0921
L402G,0.3,0.1,0.0000,0.3,0.3,0.0000,0.3,0.6,0.0000,0.4,0.1,0.0000,0.4,0.3,0.0000,0.4,0.6,0.0000,0.5,0.3,0.0000,0.5,0.6,0.0000,0.6,0.1,0.0000,0.6,0.3,0.0000,0.6,0.6,0.0000
L360G,0.3,0.1,0.0000,0.3,0.3,0.2644,0.3,0.6,0.3593,0.4,0.1,1.0757,0.4,0.3,1.1223,0.4,0.6,0.9615,0.5,0.3,0.0000,0.5,0.6,0.0000,0.6,0.1,0.0000,0.6,0.3,0.0000,0.6,0.6,0.0000
Y108Q,0.3,0.1,0.0000,0.3,0.3,0.3242,0.3,0.6,0.4711,0.4,0.1,0.8583,0.4,0.3,1.1826,0.4,0.6,1.1690,0.5,0.3,0.8895,0.5,0.6,0.9089,0.6,0.1,0.0000,0.6,0.3,0.0000,0.6,0.6,1.2000
T305Q,0.3,0.1,0.0000,0.3,0.3,0.0000,0.3,0.6,0.2076,0.4,0.1,0.0000,0.4,0.3,0.0000,0.4,0.6,0.0000,0.5,0.3,0.0000,0.5,0.6,0.0000,0.6,0.1,0.0000,0.6,0.3,0.0000,0.6,0.6,0.0000
A196I,0.3,0.1,0.0000,0.3,0.3,0.3365,0.3,0.6,0.5082,0.4,0.1,0.0000,0.4,0.3,0.5184,0.4,0.6,0.4695,0.5,0.3,0.0000,0.5,0.6,0.0000,0.6,0.1,0.0000,0.6,0.3,0.0000,0.6,0.6,0.0000
Q353Y,0.3,0.1,0.0000,0.3,0.3,0.3355,0.3,0.6,0.0000,0.4,0.1,0.7279,0.4,0.3,0.7772,0.4,0.6,0.7332,0.5,0.3,0.5123,0.5,0.6,0.4935,0.6,0.1,0.0000,0.6,0.3,0.0000,0.6,0.6,0.0000
Y393T,0.3,0.1,0.8588,0.3,0.3,1.2224,0.3,0.6,1.0102,0.4,0.1,0.5459,0.4,0.3,0.4891,0.4,0.6,0.3637,0.5,0.3,0.7117,0.5,0.6,0.6427,0.6,0.1,4.1143,0.6,0.3,1.7064,0.6,0.6,1.8211
L412G,0.3,0.1,0.6669,0.3,0.3,1.0405,0.3,0.6,1.2305,0.4,0.1,0.7311,0.4,0.3,0.8409,0.4,0.6,0.7757,0.5,0.3,0.4415,0.5,0.6,0.4007,0.6,0.1,0.6571,0.6,0.3,1.4281,0.6,0.6,1.3789
A111I,0.3,0.1,0.0000,0.3,0.3,0.0000,0.3,0.6,0.0000,0.4,0.1,0.0000,0.4,0.3,0.0000,0.4,0.6,0.0000,0.5,0.3,0.0000,0.5,0.6,0.0000,0.6,0.1,0.0000,0.6,0.3,0.0000,0.6,0.6,0.0000
V184G,0.3,0.1,0.0000,0.3,0.3,0.0000,0.3,0.6,0.0000,0.4,0.1,0.0000,0.4,0.3,0.2982,0.4,0.6,0.3535,0.5,0.3,0.0000,0.5,0.6,0.0000,0.6,0.1,0.0000,0.6,0.3,0.0000,0.6,0.6,0.0000
L137A,0.3,0.1,0.3791,0.3,0.3,0.0000,0.3,0.6,0.3419,0.4,0.1,0.0000,0.4,0.3,0.4657,0.4,0.6,0.3460,0.5,0.3,0.0000,0.5,0.6,0.2530,0.6,0.1,4.4476,0.6,0.3,1.9755,0.6,0.6,1.5053
L197A,0.3,0.1,0.0000,0.3,0.3,0.0000,0.3,0.6,0.0000,0.4,0.1,0.0000,0.4,0.3,0.0000,0.4,0.6,0.0000,0.5,0.3,0.0000,0.5,0.6,0.0000,0.6,0.1,3.2286,0.6,0.3,1.1743,0.6,0.6,0.8842
L350A,0.3,0.1,0.1953,0.3,0.3,0.2795,0.3,0.6,0.3913,0.4,0.1,0.5717,0.4,0.3,0.6407,0.4,0.6,0.8376,0.5,0.3,0.5925,0.5,0.6,0.5553,0.6,0.1,0.0000,0.6,0.3,0.9755,0.6,0.6,1.1763
Y333K,0.6,0.6,1.1404
L335G,0.6,0.6,1.0351
F275A,0.6,0.6,0.2807
Y109A,0.6,0.6,0.0000
H356A,0.6,0.6,0.5088
L351D,0.6,0.6,2.5965
L465V,0.6,0.6,2.0526
L117C,0.6,0.6,0.6316
Y312A,0.6,0.6,0.9298
Q276A,0.6,0.6,2.0351
Q272P,0.6,0.6,0.0000
Q225R,0.6,0.6,1.5088
Y394P,0.6,0.6,0.0000
Y312R,0.6,0.6,0.0000
Q354R,0.6,0.6,0.0000
Q225T,0.6,0.6,0.5789
W387V,0.6,0.6,0.0000
N395F,0.6,0.6,1.6491
Y109R,0.6,0.6,3.6842
Y333K/Y394P,0.6,0.6,1.2281
L335G/Y394P,0.6,0.6,1.1404
L117C/Y394P,0.6,0.6,0.0000
H356A/Y394P,0.6,0.6,1.3158
Y109A/Y394P,0.6,0.6,1.1404
F275A/Y333K,0.6,0.6,0.0000
Y333K/L335G,0.6,0.6,0.0000
L331S/L335G,0.6,0.6,0.0000
Y333K/L351D,0.6,0.6,0.0000
L335G/H356A,0.6,0.6,1.3158
Q276G/W387V,0.6,0.6,0.0000
Q225R/Q276A,0.6,0.6,0.0000
Q276G/N395F,0.6,0.6,0.0526
E287P/W387V,0.6,0.6,0.6842
E287P/N395F,0.6,0.6,1.0526
L110A/L413G,0.6,0.6,0.0000
L413G/Q276A,0.6,0.6,0.0000
Y394T/Q272P,0.6,0.6,0.0000
L401I/W387V,0.6,0.6,0.0000
L110A/E287P,0.6,0.6,0.0000
F275A/E287P,0.6,0.6,3.9649